-0.79237
0.12707
-0.12134
0.075651
0.51362
-0.19746
-0.38713
0.096753
-0.17078
0.057644
-0.41699
-0.025234
0.75542
-0.52763
0.43438
-0.37908
0.41807
-0.87818
0.91666
-0.047459
-0.54983
-0.0045511
-0.19329
0.51432
0.17236
-0.14793
0.9165
-0.91728
-0.57547
-0.11093
0.40308
-0.11614
0.082204
-0.054567
0.65787
0.76924
-0.94119
-0.42582
-0.84447
0.97668
-0.3168
-0.69299
0.41742
-0.43987
0.18849
-0.51971
0.87408
-0.70176
-0.0069195
0.52179
0.90206
-0.5175
0.37478
-0.96733
0.829
0.80853
-0.34572
0.7448
0.17164
0.33025
0.36892
0.37535
-0.026614
-0.47435
-0.59651
-0.030961
0.98351
-0.093919
0.85086
-0.081743
-0.35592
0.65803
0.18666
-0.77049
-0.83453
-0.18511
-0.49041
0.50171
0.97017
-0.46143
-0.18171
-0.56022
0.579
0.064467
-0.37992
0.32293
-0.78474
-0.60737
-0.70263
-0.47684
0.66149
-0.76413
-0.49053
0.49457
0.99517
-0.70741
0.32497
-0.74667
-0.51435
0.87934
-0.72146
-0.81784
-0.80791
0.59381
-0.72212
-0.79471
-0.045402
-0.83654
0.18518
-0.70493
0.81331
-0.30141
-0.40399
-0.092069
0.37188
-0.92848
0.3442
0.46465
-0.77211
-0.16295
0.36184
-0.10105
-0.28945
0.17722
-0.099501
0.40552
-0.9965
0.064512
0.081018
0.48534
0.77876
-0.49708
0.53487
-0.74472
-0.92383
-0.19056
-0.65299
0.62822
-0.018208
-0.19211
0.85029
0.56222
0.31163
0.79041
0.28332
-0.18357
-0.44295
-0.98128
-0.5778
-0.088515
0.59024
-0.78749
0.35413
-0.6654
-0.059229
-0.89162
0.2757
-0.52196
-0.5743
0.062285
-0.88717
-0.065141
-0.91924
0.75873
0.8983
-0.92124
0.73395
0.25744
0.55438
-0.062267
0.94084
0.48158
0.29106
0.93264
0.11071
0.36756
0.91745
-0.36218
0.53483
0.27367
-0.95652
-0.81705
0.55794
-0.94247
-0.76868
-0.86268
-0.25487
-0.75609
-0.91607
0.18101
0.96208
0.85558
-0.47995
-0.539
0.86844
0.8269
0.99595
0.33101
0.11246
0.70076
0.45622
-0.51582
0.44987
-0.52048
-0.60042
-0.071926
-0.079967
-0.074978
-0.077419
0.34213
-0.53947
-0.011072
0.74146
-0.11797
0.11692
-0.95221
0.13014
-0.35926
-0.040193
0.91636
-0.82855
0.87503
0.56553
-0.19764
-0.90435
-0.65053
0.83347
0.2641
-0.25094
-0.3627
-0.98221
0.62687
0.018858
0.32541
0.96781
0.84294
-0.59093
-0.32799
-0.34285
0.5076
-0.60657
-0.38069
-0.7048
0.30094
-0.56299
-0.52042
-0.67725
0.95744
0.42516
-0.22114
-0.841
-0.72766
0.45065
-0.88309
0.19416
0.93378
0.7123
-0.0004955
-0.63282
-0.08424
-0.91062
0.10561
0.84312
0.1206
0.0004068
0.41698
0.87562
-0.74787
0.9365
-0.015276
-0.61553
0.18996
0.54532
0.10219
-0.65927
0.59578
-0.84678
0.74222
0.071954
-0.87417
-0.56956
0.32456
-0.55345
0.29655
-0.76728
-0.77757
0.74884
-0.36216
0.96374
0.95015
-0.19701
0.92661
-0.77637
-0.35942
0.99407
0.32392
-0.18054
-0.57746
0.90679
0.046596
0.87566
-0.11321
-0.83092
-0.53102
0.51622
-0.13849
0.20063
0.08404
0.43809
0.077529
0.52056
0.92152
0.13614
-0.21236
-0.79559
0.43598
-0.69893
-0.47952
0.39963
0.16484
0.73404
-0.30754
0.55861
-0.64398
0.057138
-0.28626
-0.48528
0.41259
0.53132
0.1909
-0.092314
0.94043
0.65274
-0.6
-0.24752
-0.1367
0.82289
0.9284
0.097188
-0.32011
0.76958
0.40231
0.96692
0.89921
0.63261
-0.042513
0.17633
-0.54582
-0.10389
0.098379
0.2584
0.063881
0.089834
0.069178
-0.48012
-0.66461
0.46332
0.29917
0.57153
-0.60907
-0.21382
-0.54118
0.94691
0.9606
0.9888
0.28232
0.57102
-0.92962
-0.36348
-0.82278
0.20409
-0.17536
0.35721
-0.29982
-0.9953
0.9955
0.88357
0.16529
-0.25013
-0.21682
0.12405
0.9582
0.2658
0.5686
0.87795
-0.72772
0.30989
0.49864
0.55124
-0.82861
-0.34164
0.080873
0.14321
0.75594
-0.92866
-0.97627
-0.60795
-0.27418
-0.70482
-0.67362
-0.87627
-0.28297
0.97234
0.46658
0.46429
0.59736
0.63345
0.29401
-0.79392
0.052451
-0.44521
0.42927
-0.54304
-0.72709
-0.48313
-0.5601
0.076922
0.28031
0.12266
0.92343
0.52571
-0.87839
0.21596
-0.63057
-0.011064
-0.49937
-0.13509
0.012547
-0.89159
-0.64078
-0.11923
-0.28076
0.43051
0.65437
0.67061
0.53379
0.70782
0.65169
0.71598
-0.58278
0.71707
-0.93847
-0.90803
0.075665
-0.021143
-0.28236
-0.37171
-0.21732
-0.53359
0.29233
-0.69252
-0.31744
0.70478
0.82673
0.98506
-0.33635
-0.88124
-0.90262
-0.30618
-0.63198
0.80184
0.15415
-0.54397
-0.98065
0.29176
0.44775
-0.37564
0.1612
0.9989
-0.9036
-0.44049
-0.26814
-0.28426
-0.22745
0.39143
0.46262
-0.1991
0.36257
0.96964
-0.41662
0.90644
-0.081979
-0.10197
-0.52054
0.56689
0.6789
-0.085495
-0.15739
0.28281
0.43038
0.62869
-0.93698
0.0061583
0.76041
-0.088622
0.95833
0.44546
0.4031
-0.26006
0.54463
-0.80872
-0.71084
-0.81179
0.20726
-0.50557
0.48675
-0.3267
0.5207
0.66272
0.49925
-0.35482
0.61126
-0.14274
0.020645
-0.71349
0.85038
-0.079592
-0.4723
0.59109
-0.88114
-0.68845
0.27345
0.097965
0.74856
-0.58698
-0.73646
0.43663
-0.43326
0.38277
-0.61379
0.20885
0.26754
0.040849
-0.38522
-0.31855
-0.87174
0.33896
0.38582
-0.21027
0.026376
-0.027609
-0.949
-0.36629
-0.28808
0.86588
-0.45364
-0.43058
-0.287
-0.58497
0.69965
0.73461
0.11203
0.68184
0.08909
-0.032271
0.27405
0.58407
0.60733
-0.13878
0.37593
-0.39691
-0.99772
-0.98297
0.86942
-0.7695
-0.49098
0.74179
-0.17238
0.52791
-0.45068
-0.68465
-0.43155
-0.49952
-0.79496
-0.38841
-0.21985
0.4134
-0.46799
0.94596
-0.068017
-0.22105
-0.26756
-0.75645
-0.20441
0.67753
0.89646
0.16288
0.40718
-0.51033
0.89045
-0.4546
-0.024607
0.024668
-0.40525
-0.052851
-0.98069
-0.10907
-0.73063
0.95253
-0.15248
-0.21002
0.14123
-0.82914
-0.47862
-0.97556
0.369
0.3995
-0.37387
0.29533
0.14875
0.79368
-0.95375
-0.12732
0.93395
0.4981
0.037434
-0.1356
0.84361
-0.36545
-0.34017
-0.17767
-0.98588
-0.55813
-0.62703
-0.60742
-0.44068
0.45023
-0.37809
-0.58387
-0.61128
0.24579
-0.27971
0.43802
-0.18949
0.8615
0.96252
-0.73809
-0.1185
0.44928
-0.14139
-0.73884
0.47702
0.71172
0.71407
0.19436
0.65616
-0.30564
0.38115
-0.80747
-0.32986
0.52708
-0.45124
0.26409
0.98543
0.14078
-0.95414
0.41469
-0.62693
-0.76891
-0.92282
0.18074
0.9166
-0.76206
-0.47426
-0.024108
-0.50978
-0.57982
-0.017344
-0.90002
0.49493
0.040192
-0.18664
0.16645
0.72967
-0.93779
0.58499
-0.47219
0.12004
0.57588
-0.69121
0.62468
0.36481
-0.034406
-0.92553
0.75379
0.024565
-0.52479
-0.93419
0.90159
-0.78772
-0.53818
-0.23699
0.71355
-0.67849
0.047273
0.47259
0.7019
-0.36564
0.099489
-0.679
-0.34555
0.22821
0.85521
0.25362
0.99765
-0.81178
-0.92338
-0.95372
-0.53689
-0.57151
-0.29366
0.031507
0.85447
-0.64193
0.76404
0.33617
0.82906
0.14277
0.92666
-0.24839
0.039388
-0.61653
0.46639
-0.15379
0.011654
-0.03854
0.52503
0.11155
-0.22743
0.52538
-0.60676
-0.51132
0.45888
-0.31378
-0.057963
-0.17343
0.069191
0.87292
0.93365
0.30076
0.57354
-0.90178
0.35662
-0.58634
-0.22801
0.70542
-0.42785
0.057603
-0.24243
0.89816
-0.28836
-0.55909
-0.44706
0.41796
-0.10577
0.46306
-0.83106
0.6829
-0.42883
-0.98693
0.51399
-0.34533
-0.99552
-0.67587
0.77181
0.33195
-0.56785
0.20629
0.47976
0.91076
-0.31687
0.59494
-0.61555
0.17439
0.79068
0.85237
0.21741
0.2255
0.62456
0.89736
0.58275
0.77008
-0.30439
0.80531
0.37151
0.70577
0.32389
0.28706
-0.16132
0.26405
-0.79709
-0.69556
-0.18217
-0.57271
0.44308
-0.56915
-0.93356
-0.33768
-0.41032
-0.59511
-0.53163
-0.016512
0.32981
-0.50197
-0.71816
0.087412
-0.79928
-0.5124
-0.85691
0.2295
-0.84208
0.046665
-0.010261
-0.70211
-0.38196
-0.63942
0.87993
0.66596
0.28078
0.36375
0.27739
-0.81183
-0.73067
-0.36044
-0.54517
0.73586
-0.56275
-0.53712
0.1331
0.34947
-0.96365
0.90979
0.63753
-0.70632
-0.65486
-0.12896
-0.85
0.7984
-0.54534
0.3563
0.65951
0.55083
0.6492
0.34686
0.22982
0.34492
-0.36033
-0.12674
-0.3184
-0.79887
-0.76443
0.13542
0.0036862
-0.18992
-0.87373
-0.84727
-0.73681
0.65413
-0.85472
-0.60255
-0.099075
0.97694
0.33387
-0.096883
-0.87339
0.26086
-0.62918
-0.8779
0.53946
-0.57661
0.35534
0.54708
0.51759
0.82254
0.8034
0.17195
-0.10403
0.68065
0.86094
0.82477
-0.21772
0.67744
-0.19401
-0.96323
-0.16778
0.14623
-0.62048
0.50715
-0.16917
-0.024998
0.24636
0.61512
-0.68981
0.99437
-0.21896
0.087147
0.15445
-0.1879
-0.46539
0.25405
0.42845
-0.36766
-0.72481
-0.40128
-0.24451
0.40784
-0.79974
-0.19219
0.4261
0.39261
-0.94362
-0.85422
0.17846
-0.45325
-0.77654
-0.65867
0.25584
-0.46888
-0.63068
-0.21908
0.5
0.8555
0.86906
-0.08206
-0.36205
-0.77861
-0.89921
0.75814
0.088346
0.19393
0.9082
-0.27144
-0.79813
0.5977
-0.55323
-0.90225
0.58485
0.41685
0.17271
-0.16205
0.47324
0.55714
-0.6425
0.050195
-0.66062
-0.98181
0.87489
-0.69427
0.95038
-0.0021833
0.88377
0.56129
0.34173
-0.37166
-0.29633
-0.32987
-0.18489
-0.6673
-0.64278
-0.26851
-0.035312
0.24406
0.73658
-0.60673
0.69667
0.32538
0.26307
-0.15518
0.91795
0.033089
0.57097
-0.67872
0.76941
0.63469
-0.22968
0.67083
0.71238
-0.5459
0.25119
0.96128
-0.20191
0.33808
0.55405
0.14364
-0.069552
0.70314
-0.28794
-0.12059
-0.08446
0.046565
0.20087
0.60926
-0.94628
-0.1916
-0.37185
0.18184
-0.36759
-0.41289
-0.30613
0.36187
0.2674
-0.73636
0.43709
0.1358
0.97582
0.61363
0.6317
-0.15522
0.84935
-0.47039
0.88913
0.91581
-0.40837
0.92619
0.8027
-0.59164
0.52103
-0.14694
-0.42468
-0.99085
0.049575
0.74427
-0.55663
-0.21422
0.24577
-0.88438
-0.61889
-0.66289
-0.090885
-0.79405
0.25673
0.88544
0.75726
-0.1711
0.9716
-0.60036
-0.73608
0.16275
-0.86912
0.91198
0.062296
-0.0031079
-0.11328
0.82283
-0.75837
0.16669
-0.40955
0.52981
-0.99972
0.95985
-0.06379
-0.82217
0.5103
0.098279
0.77151
-0.46605
0.83885
-0.4644
0.96005
-0.83209
-0.80532
0.31036
0.74548
-0.53581
0.11759
0.99089
-0.5083
-0.43955
-0.4307
-0.90819
0.56815
-0.78722
0.67298
0.54564
0.29481
0.53783
-0.77897
-0.49286
-0.47191
0.081078
-0.2432
-0.82211
0.40384
-0.25303
0.217
-0.34742
0.084269
0.53743
-0.17331
-0.45593
-0.57342
-0.067286
0.23503
0.020869
-0.43979
-0.26684
0.64461
0.91076
-0.80066
-0.13766
0.82891
0.71347
0.53529
-0.89932
0.82975
-0.37945
-0.6268
0.31058
0.60773
0.42173
0.72709
-0.63808
-0.8989
0.45149
0.55894
-0.46572
0.18303
-0.63686
0.31784
-0.14175
0.94513
-0.15606
-0.55066
0.61579
0.2254
-0.97148
0.51271
-0.50815
0.17286
-0.1975
-0.68745
0.39698
0.65261
-0.788
-0.52849
0.31367
0.41436
-0.41356
-0.45901
-0.34144
-0.052519
-0.46579
0.17103
0.7924
0.78239
-0.41104
-0.54272
0.78485
0.10221
-0.24836
-0.25663
0.81019
-0.61066
-0.43618
0.29945
0.035854
0.73985
-0.0097169
0.26631
-0.12032
0.65433
-0.3079
-0.13839
-0.82258
0.20903
-0.39538
-0.05713
-0.31655
0.32325
-0.92438
0.74966
0.17843
0.67337
0.37402
-0.58688
-0.90226
-0.17608
-0.30317
-0.99375
-0.68573
0.52149
-0.44832
0.38929
-0.63423
-0.1622
0.78157
-0.30572
0.97526
-0.049069
-0.066706
0.6772
0.44464
0.85354
0.071689
0.5409
0.54937
0.5125
0.22943
0.67177
-0.44725
-0.064543
-0.31539
0.020936
0.80865
0.089479
-0.23015
0.94683
-0.98716
-0.51579
-0.67879
0.034698
0.58175
-0.33191
-0.42736
-0.51412
0.91869
0.79587
0.92468
0.50319
-0.06874
-0.99887
-0.37127
-0.6987
0.96867
0.77602
0.70279
0.69408
-0.40596
0.81915
-0.40151
0.50037
0.14863
0.3587
-0.5577
-0.22468
0.77813
-0.85976
-0.36955
-0.83538
0.047557
-0.18525
-0.48289
-0.98328
-0.071994
-0.70768
-0.55096
-0.92828
0.88508
-0.33216
0.72141
-0.99937
-0.47306
-0.92804
0.57597
0.081132
-0.26308
-0.90712
0.019566
0.802
0.14629
-0.99338
-0.92268
-0.40902
0.81548
-0.62599
-0.22421
-0.070661
0.38858
-0.50603
0.67114
-0.19853
0.15601
-0.69189
-0.15661
0.14123
0.011569
0.69673
0.5436
0.8287
0.028596
-0.0036713
-0.2715
0.35005
-0.43005
-0.26062
-0.013241
0.25736
-0.02547
0.018065
0.42599
0.027542
0.84698
-0.7218
0.79706
0.80393
0.24963
0.78891
0.42798
0.94214
-0.23978
0.59025
-0.28202
0.61965
0.57558
-0.94956
-0.54434
0.93958
0.32774
-0.54322
-0.74479
0.46761
0.30218
-0.31907
-0.59843
0.082071
0.1001
-0.35664
-0.88768
0.2705
0.38289
-0.66249
0.069351
0.95721
-0.36105
-0.80644
-0.51683
-0.15927
-0.49928
-0.52874
0.5954
0.65583
0.19757
-0.69817
0.019114
-0.64182
0.015071
0.47628
-0.35569
0.66205
0.3063
0.35558
0.95929
-0.92746
-0.34062
-0.72668
-0.31337
-0.91953
-0.49469
0.17134
0.22872
0.87527
0.15525
-0.42399
-0.99848
0.47861
-0.71811
0.72777
-0.81177
0.12373
-0.93394
0.44005
-0.39723
0.93826
0.68599
-0.83755
0.16929
-0.24731
-0.58065
-0.067205
-0.41553
0.17985
-0.032027
0.80207
-0.47471
0.37189
0.90249
-0.38291
-0.37601
0.34933
0.88564
-0.76434
0.75951
0.40901
0.86124
-0.1728
-0.76135
-0.69503
0.031093
0.36536
-0.27257
0.72505
-0.29596
-0.70502
0.84022
0.94358
-0.68469
0.97574
-0.79175
0.30695
0.06469
-0.98109
0.76116
-0.74474
-0.33448
-0.37941
-0.73496
0.84607
-0.35959
0.53582
-0.87375
-0.75875
-0.63367
0.89426
-0.61206
0.19162
0.67051
0.17582
-0.25056
0.85512
0.7328
0.58399
-0.078541
0.89275
-0.00015293
-0.9602
-0.39766
0.85653
-0.52348
-0.48211
0.20308
-0.32762
-0.051869
0.060729
-0.7118
0.54412
0.37777
0.74931
0.64024
-0.13848
-0.72478
0.25667
0.79845
0.54507
0.79224
0.94671
-0.53957
0.94575
-0.69758
0.82817
-0.39189
0.77497
-0.82467
0.65029
-0.37266
0.25798
-0.06513
0.79754
0.71332
-0.92369
0.54785
-0.054508
-0.67978
0.46656
-0.90384
0.92834
0.18714
0.19094
-0.86823
-0.19911
0.57008
0.70816
-0.30696
0.5809
0.78889
0.73329
0.38085
-0.22703
-0.53397
0.52905
-0.49068
-0.99797
-0.36172
0.77495
0.85344
-0.07727
0.21114
-0.34828
0.25152
0.16712
-0.9751
-0.96398
0.14482
-0.61055
-0.14294
0.66085
0.6831
-0.049655
-0.43192
-0.063837
-0.9213
-0.9617
-0.17886
0.61904
-0.43365
-0.097984
-0.43861
0.96166
-0.39465
0.63033
-0.83688
0.79012
-0.49877
-0.49285
0.36963
0.13798
-0.57248
0.8402
-0.68726
-0.30558
0.67842
-0.34317
-0.043079
0.25275
-0.25318
0.49117
0.81259
0.96344
0.72821
0.80998
-0.86991
0.65352
-0.6003
0.83537
-0.10949
0.14869
-0.67499
-0.23512
0.35723
0.82923
-0.65997
0.8181
0.25303
-0.18235
-0.69314
0.87932
0.45076
0.44661
0.68501
0.40211
-0.86824
-0.49828
-0.92944
-0.83267
0.60396
-0.8818
0.27254
0.50306
0.46342
-0.86154
0.84526
-0.91233
-0.028533
0.79172
0.22473
-0.28968
-0.12721
0.69836
-0.83759
-0.68158
0.78062
0.32948
-0.52676
0.59788
0.47136
0.064183
-0.81559
-0.82452
0.012776
-0.77806
0.70722
0.46186
0.90945
0.077313
0.78368
0.74678
0.12926
-0.10651
-0.22715
0.95282
-0.0044783
-0.022971
0.69766
0.25811
0.97398
-0.7218
-0.98564
0.28615
-0.61175
-0.22183
0.84371
-0.42526
0.53885
-0.2527
-0.77198
-0.65217
-0.42526
-0.43236
0.88086
0.016473
0.9663
-0.53103
0.8667
-0.44946
0.43177
0.36349
-0.71312
0.28596
-0.63459
-0.26692
-0.46956
-0.5135
0.99329
0.83538
0.53438
0.29514
0.98352
-0.81054
-0.67067
0.55973
-0.26495
-0.85692
-0.20765
-0.91628
0.70465
-0.39201
0.18959
-0.42042
-0.38112
0.12892
-0.55817
0.33616
0.21025
0.58618
-0.90569
-0.75755
0.19848
0.13219
-0.28306
0.5308
0.16881
-0.56878
0.99114
-0.35146
0.2401
0.46894
0.27398
0.30728
0.17893
-0.34965
-0.89798
0.74768
0.35253
0.89941
-0.73567
-0.68112
-0.27077
0.9862
-0.61565
-0.16003
0.54897
-0.14484
0.34197
0.95781
-0.77838
0.70242
-0.92748
-0.3329
0.3852
-0.81212
0.76572
-0.058098
0.44531
0.36403
-0.93742
-0.98683
-0.38169
0.89083
0.88055
0.28505
0.10675
0.32737
0.8311
-0.86832
-0.20311
-0.67061
0.22519
0.806
0.37805
-0.099247
-0.36093
-0.2918
-0.6152
-0.63553
-0.57977
-0.22181
0.91425
-0.53392
-0.0091135
-0.68793
-0.16107
0.71161
-0.99117
-0.80432
0.86623
-0.41731
0.95201
-0.063259
0.84096
0.76284
-0.15904
0.52507
-0.15404
-0.60471
0.77467
-0.29009
0.81588
-0.024523
-0.95215
-0.26472
0.31778
-0.23267
-0.61236
0.021872
0.72941
-0.098123
-0.23898
0.32466
-0.02778
0.12274
-0.86688
0.88318
0.040004
0.53147
-0.69874
0.4785
-0.53419
-0.028954
-0.64536
0.54807
-0.49127
-0.19579
-0.57678
-0.50332
-0.94661
-0.91593
-0.80184
-0.18698
-0.79261
-0.030974
-0.26786
-0.50191
-0.51113
0.68493
-0.97464
0.98304
-0.80235
0.96282
0.12888
0.87803
-0.69414
0.04771
0.15476
-0.9796
0.28292
0.80146
0.12626
0.082353
0.76778
0.47278
-0.78737
0.85733
-0.80419
0.85782
-0.055696
-0.54915
0.9751
-0.60447
-0.53845
0.40854
0.09936
0.048675
0.3296
-0.46144
-0.032783
-0.076811
-0.53963
0.29966
-0.35126
0.41146
-0.15474
0.91026
-0.16906
0.52658
0.25462
0.79023
0.69102
-0.48623
0.1079
0.99358
0.55161
-0.82362
0.09611
0.83698
-0.16751
-0.9692
0.84575
-0.058531
0.90697
-0.68947
-0.80999
-0.57849
-0.17748
-0.84786
-0.76053
-0.64436
0.96819
0.24546
-0.32127
0.69307
0.74289
0.70517
-0.45306
0.1965
-0.013341
0.49609
-0.5543
0.65776
-0.044967
0.68144
-0.98321
-0.75932
-0.06255
-0.88198
0.087235
-0.42531
0.085282
0.59202
-0.021612
-0.35649
-0.26647
0.063238
-0.15797
-0.81025
-0.31009
-0.82065
0.6718
0.27915
-0.0099522
0.99131
0.77069
-0.65754
-0.84362
0.26737
-0.55187
0.84054
0.11475
0.69135
0.0030502
0.59174
-0.67926
0.30458
-0.86149
0.30233
0.027437
-0.33799
-0.1117
-0.17042
-0.81107
-0.33279
-0.81
-0.87802
0.77486
-0.98577
0.24338
0.014861
0.23744
0.79312
0.68448
-0.72793
-0.1055
-0.31697
0.99265
0.96852
-0.15674
0.71624
0.87365
-0.096682
-0.71576
0.52928
0.49566
0.66529
0.47055
-0.60192
0.4454
0.12731
-0.23788
0.83455
-0.53919
0.86577
0.17532
0.0091838
-0.19487
0.33568
-0.50785
-0.30574
0.22546
0.54618
-0.13684
-0.24943
-0.54515
-0.45744
0.15943
0.66877
-0.068155
-0.30594
0.48303
0.045382
-0.04581
-0.026259
-0.6023
0.56768
-0.66824
0.58911
0.009787
0.3342
-0.14425
-0.79887
-0.24268
-0.80712
0.82342
0.90995
-0.66455
-0.27702
0.1627
-0.54265
0.60943
-0.22684
0.79882
-0.70986
0.28259
0.082812
0.49037
0.67628
0.90175
-0.50856
0.47278
-0.47482
-0.6458
-0.094008
0.47117
0.76004
-0.84478
0.15112
-0.36317
0.58725
-0.26208
-0.93929
0.92856
0.81755
0.88329
0.57477
0.58063
-0.20577
-0.54896
-0.72506
-0.3879
0.5279
-0.89188
-0.75155
-0.54796
-0.93634
-0.10591
0.090496
-0.51234
-0.05527
0.09434
0.50825
0.44148
0.27348
-0.1097
0.096515
-0.58046
-0.86341
-0.74103
-0.32218
-0.096921
-0.37189
-0.80374
0.50189
-0.30074
0.93769
0.88215
0.75682
-0.64602
-0.42773
0.043306
0.92463
0.53412
0.055888
0.31156
-0.23619
0.13469
0.76282
0.0023854
-0.067337
-0.068421
0.57636
-0.072156
-0.17352
0.68546
-0.22978
0.76034
0.48748
0.50095
0.055181
-0.021975
-0.71459
0.9309
0.77332
0.072671
0.84991
0.46838
-0.15353
-0.96635
-0.30665
-0.64882
-0.30964
0.37422
-0.32151
-0.64445
0.12944
0.5316
0.073715
-0.87856
0.90177
-0.88205
-0.0361
0.53188
-0.57338
-0.12824
0.85736
-0.91665
-0.20746
-0.4663
0.5506
0.95266
0.77537
-0.78098
0.098899
0.32172
-0.6629
-0.14717
-0.55797
0.2885
-0.7935
0.48058
-0.77318
-0.79204
0.81507
0.040645
0.12997
-0.046905
0.48063
-0.098296
0.71482
-0.27021
-0.89129
0.86823
0.013103
0.87063
-0.30238
0.3478
-0.97798
0.35544
0.81026
-0.50104
-0.24886
-0.32822
-0.88123
-0.70625
-0.4393
-0.73344
0.81185
-0.75106
0.50816
-0.86576
-0.84653
-0.4238
-0.55124
-0.21553
0.075406
-0.017303
-0.46888
0.87877
-0.148
-0.23087
0.47306
-0.28296
-0.26208
0.11352
0.89193
0.31833
0.27218
0.34746
-0.05912
0.0033752
-0.37295
-0.74704
-0.24542
-0.074634
0.88342
-0.74966
-0.689
-0.78594
0.62688
0.089119
-0.1769
-0.31244
0.49605
-0.52262
-0.93252
-0.74683
0.63691
-0.72996
0.4232
0.31163
-0.32081
0.54238
0.44442
-0.83707
0.59898
-0.89362
-0.16922
0.67016
0.95246
0.33072
-0.033401
0.49007
-0.38378
0.49099
-0.40078
-0.30164
-0.44583
-0.50212
0.55413
-0.5401
0.28779
0.76541
0.52597
0.74372
-0.16283
-0.46943
-0.94496
0.77399
0.79478
0.67252
-0.083648
0.87196
-0.96571
-0.87994
0.0017442
0.79234
-0.68864
-0.54295
0.91963
-0.45677
0.27294
0.27577
-0.032646
0.22081
0.88551
0.31285
-0.83374
-0.062272
-0.45059
0.14693
-0.21596
0.21969
-0.55206
0.96798
-0.44324
0.81088
0.93621
0.1147
0.84855
-0.73073
-0.64738
0.56088
-0.92491
-0.93463
-0.86509
0.18651
0.47058
0.1051
-0.067565
-0.31273
-0.0029248
-0.43247
0.15125
-0.69053
0.62272
0.82577
-0.83023
-0.057361
0.43541
0.87855
-0.67422
-0.72474
-0.16965
-0.96941
-0.348
-0.32466
0.79616
-0.44885
-0.35405
0.17252
-0.079564
0.027744
-0.27945
-0.9486
0.81429
-0.78094
-0.58133
-0.25689
0.38617
-0.069983
-0.53509
-0.64311
-0.35741
-0.46796
0.20926
0.76805
-0.71891
0.071111
0.93893
-0.95965
0.38738
0.1517
-0.73788
0.87413
-0.63092
0.5213
0.59086
-0.79116
0.52896
-0.085998
-0.77535
-0.71913
-0.20283
-0.97414
-0.86779
0.99896
-0.38942
-0.20238
-0.40034
-0.73253
-0.09281
0.97949
0.15236
0.63726
-0.4362
-0.73796
0.090781
-0.88581
-0.93389
-0.43517
0.24498
0.35953
0.26022
0.75046
-0.50766
-0.59487
-0.075887
0.49071
-0.66841
0.39086
0.1035
-0.50228
-0.41587
0.64646
-0.21213
-0.37716
0.034036
0.18086
-0.61431
0.4059
0.87969
0.75241
0.71068
-0.62042
-0.5666
-0.81521
-0.20589
0.52344
0.65354
0.87019
-0.019912
-0.81578
-0.43346
-0.94893
-0.89334
-0.26592
-0.97518
-0.76953
0.085814
0.4451
0.25984
-0.5784
0.02038
0.90011
0.66881
-0.06247
0.35155
-0.13427
-0.058796
0.80171
0.37019
0.017716
-0.93073
-0.31187
-0.24197
-0.43467
-0.18178
-0.58042
-0.7546
-0.25297
0.81703
0.57099
-0.19364
-0.49305
-0.93765
0.74785
0.28013
0.87906
0.5426
0.39008
-0.8067
0.48243
-0.79861
-0.39839
-0.86068
-0.35668
0.62517
0.55642
0.46157
0.29104
0.80396
-0.73917
-0.22795
0.42238
-0.22337
0.4249
-0.71053
0.92451
0.91737
0.27326
-0.32908
-0.4233
0.32256
0.86345
-0.30931
-0.15689
0.08691
0.37341
-0.41758
-0.32008
-0.45792
0.5531
-0.43968
0.57333
0.52254
-0.82137
-0.70578
-0.45763
0.68398
-0.54777
-0.92134
0.48096
-0.55865
0.74538
0.9993
-0.14555
-0.50983
-0.8623
-0.13609
-0.35312
-0.36948
0.18908
0.2884
-0.93033
0.37547
-0.18284
0.24482
-0.42637
-0.28614
0.27326
-0.0031571
0.12696
0.46471
-0.29934
0.36406
0.948
-0.37826
-0.91557
-0.14941
-0.32888
-0.040383
0.69825
-0.63761
-0.488
-0.97489
0.29647
0.35643
-0.36035
0.85682
-0.17985
-0.47473
0.17458
-0.63467
0.65458
0.35633
-0.22444
-0.099637
-0.93758
-0.097705
0.70281
-0.374
0.81638
-0.23384
-0.16911
0.3404
-0.42304
0.86832
-0.31467
-0.98401
-0.88055
-0.73682
0.31516
-0.62495
0.92678
-0.83263
-0.52275
-0.77396
0.95451
-0.44303
0.75397
0.55187
-0.83598
0.029611
0.19634
0.025933
0.8395
-0.94099
-0.76363
-0.70604
0.3077
0.24157
-0.80346
0.10324
-0.37753
-0.50441
0.75065
-0.57298
-0.86158
0.32451
0.53827
-0.31478
-0.3729
-0.13744
0.91021
0.8517
-0.75592
-0.32692
-0.12609
0.40487
-0.87022
-0.92044
-0.83911
-0.63998
0.57956
-0.84001
-0.26448
-0.42482
-0.43169
-0.47079
0.86074
0.40098
-0.42171
-0.75742
-0.49524
0.33284
0.076771
0.5627
-0.2901
-0.52639
0.27375
-0.15938
0.77299
0.012479
0.080468
-0.66382
0.62563
0.81203
0.6942
0.61076
-0.75023
-0.19593
0.49523
0.55856
-0.90769
0.73349
-0.71227
-0.28628
0.64215
-0.66768
0.61749
0.27086
-0.72275
0.12883
0.19061
0.94156
-0.13266
0.30624
-0.55317
0.21341
-0.65767
0.91384
0.93726
-0.61317
-0.72615
-0.0060261
-0.094836
-0.90581
-0.17321
0.88916
-0.338
0.12489
0.79272
0.0039486
-0.21477
0.1473
-0.76054
-0.90355
-0.029109
0.23769
0.72159
0.19594
0.054372
0.46317
-0.86212
-0.95572
-0.64218
-0.034925
-0.78079
0.31294
0.77695
-0.62295
-0.81512
-0.13605
-0.56172
0.41662
-0.40967
0.45415
-0.48713
0.8118
-0.7202
0.3781
-0.83685
0.98041
0.079937
-0.88413
0.51126
-0.9325
0.87029
0.81521
-0.29171
-0.41406
0.83454
-0.82987
0.63412
-0.17229
-0.5107
-0.84146
-0.80105
-0.80805
-0.22936
-0.92817
-0.55582
0.71109
0.96852
-0.14797
